54
39
66
97
58
35
89
50
28
91
35
23
39
64
25
74
39
65
78
80
48
57
28
44
45
42
37
90
46
93
49
36
19
34
89
46
30
82
78
43
81
97
85
97
62
44
77
18
99
40
67
69
55
97
83
33
87
54
95
85
48
64
23
77
80
99
92
33
71
99
58
27
89
81
37
86
41
99
87
33
23
79
60
34
35
34
33
43
65
58
33
38
70
31
42
46
36
65
30
37
94
95
92
82
86
51
56
99
49
96
45
61
65
68
46
25
32
93
67
60
85
76
63
77
77
31
83
23
97
21
78
30
85
45
33
29
60
41
31
78
72
77
59
90
61
19
62
65
96
83
63
32
75
85
87
40
89
73
23
88
64
81
59
61
70
82
33
100
30
45
60
92
63
97
48
45
97
26
72
61
18
75
82
80
64
95
88
52
41
56
82
39
85
29
51
35
56
98
45
27
45
26
59
84
79
54
79
45
55
37
85
57
65
66
58
46
52
48
54
44
89
62
79
30
32
20
51
44
99
58
58
31
32
94
51
48
54
65
40
28
34
76
19
82
56
80
62
70
37
30
42
97
91
46
78
50
72
65
23
96
27
50
85
48
51
98
65
66
60
48
47
99
50
29
67
57
79
49
81
77
85
79
54
24
92
23
80
40
76
49
78
87
36
63
37
48
57
29
69
82
27
100
31
60
37
41
91
96
70
21
79
27
36
19
30
94
44
38
94
60
21
75
52
45
57
30
39
26
92
38
31
67
98
42
89
52
33
55
91
89
42
31
72
39
100
18
60
47
77
61
88
39
93
44
58
56
87
40
51
45
85
31
86
56
52
54
56
51
94
92
53
35
78
52
76
89
72
35
80
79
58
99
82
100
91
31
88
85
19
54
79
80
92
50
54
47
33
45
60
48
53
84
41
100
61
49
77
41
64
94
62
42
47
95
73
89
18
21
71
45
59
25
18
91
18
44
78
70
35
93
98
94
66
31
61
59
84
30
50
19
30
54
60
55
74
50
58
21
19
99
53
74
27
75
45
33
26
83
61
71
70
42
71
23
54
69
25
44
38
55
90
55
91
38
93
64
19
23
90
94
40
30
97
47
91
64
45
42
57
96
69
86
20
35
64
32
62
56
31
34